print("Kaitun Loader")
if not game:IsLoaded() then repeat game.Loaded:Wait() until game:IsLoaded() end
repeat wait() until game.Players
repeat wait() until game.Players.LocalPlayer
repeat wait() until game.ReplicatedStorage
repeat wait() until game.ReplicatedStorage:FindFirstChild("Remotes");
repeat wait() until game.Players.LocalPlayer:FindFirstChild("PlayerGui");
repeat wait() until game.Players.LocalPlayer.PlayerGui:FindFirstChild("Main");
repeat wait() until game:GetService("Players")
repeat wait() until game:GetService("Players").LocalPlayer.Character:FindFirstChild("Energy")
if not game:IsLoaded() then repeat game.Loaded:Wait() until game:IsLoaded() end

if getgenv().Team == nil then   
    getgenv().Team = "Pirates" -- Pirates/Marines
end

local function SelectTeam()
    local ChooseTeam = game:GetService("Players").LocalPlayer.PlayerGui:FindFirstChild("ChooseTeam", true)
    local UIController = game:GetService("Players").LocalPlayer.PlayerGui:FindFirstChild("UIController", true)

    if UIController and ChooseTeam then
        for i, v in pairs(getgc()) do
            if type(v) == "function" and getfenv(v).script == UIController then
                local constant = getconstants(v)
                if constant[1] == getgenv().Team and #constant == 1 then
                    v(getgenv().Team)
                end
            end
        end
    end
end
local Lv = game:GetService("Players").LocalPlayer.Data.Level.Value


repeat wait()
    if not game.Players.LocalPlayer.PlayerGui.Main:FindFirstChild("ChooseTeam") then
        break
    end

    local success, errorMessage = pcall(SelectTeam)
    if not success then
        warn("Error in SelectTeam function: " .. errorMessage)
    end

    wait(1)
until game.Players.LocalPlayer.Team ~= nil and game:IsLoaded()
spawn(function()
    while wait() do
        game:GetService("CoreGui").RobloxPromptGui.promptOverlay.ChildAdded:Connect(function(child)
    		if child.Name == 'ErrorPrompt' and child:FindFirstChild('MessageArea') and child.MessageArea:FindFirstChild("ErrorFrame") then
    		    Startk = false
                StopTween()
                game.Players.LocalPlayer.Character.HumanoidRootPart.CFrame = CFrame.new(game.Players.LocalPlayer.Character.HumanoidRootPart.CFrame.X, 22000 ,game.Players.LocalPlayer.Character.HumanoidRootPart.CFrame.Z)
    		    wait(1)
    			game:GetService("TeleportService"):Teleport(game.PlaceId)
    		end
    	end)
    end
end)

local VirtualUser=game:service'VirtualUser'
game:service'Players'.LocalPlayer.Idled:connect(function()
	VirtualUser:CaptureController()
	VirtualUser:ClickButton2(Vector2.new())
end)

spawn(function()
	while wait(3) do
		game:GetService'VirtualUser':CaptureController()
	end
end)

W1 = false
W2 = false
W3 = false
local placeId = game.PlaceId
if placeId == 2753915549 then
    W1 = true
elseif placeId == 4442272183 then
    W2 = true
elseif placeId == 7449423635 then
    W3 = true
end

function CheckQuestBoss()
	if _G.SelectBoss == "Saber Expert" then
		MsBoss = "Saber Expert"
		NameBoss = "Saber Expert"
		CFrameBoss = CFrame.new(-1458.89502, 29.8870335, -50.633564, 0.858821094, 1.13848939e-08, 0.512275636, -4.85649254e-09, 1, -1.40823326e-08, -0.512275636, 9.6063415e-09, 0.858821094)
	elseif _G.SelectBoss == "The Saw" then
		MsBoss = "The Saw"
		NameBoss = "The Saw"
		CFrameBoss = CFrame.new(-683.519897, 13.8534927, 1610.87854, -0.290192783, 6.88365773e-08, 0.956968188, 6.98413629e-08, 1, -5.07531119e-08, -0.956968188, 5.21077759e-08, -0.290192783)
	elseif _G.SelectBoss == "Greybeard" then
		MsBoss = "Greybeard"
		NameBoss = "Greybeard"
		CFrameBoss = CFrame.new(-4955.72949, 80.8163834, 4305.82666, -0.433646321, -1.03394289e-08, 0.901083171, -3.0443168e-08, 1, -3.17633075e-09, -0.901083171, -2.88092288e-08, -0.433646321)
	elseif _G.SelectBoss == "The Gorilla King" then
		MsBoss = "The Gorilla King" 
		NameBoss = "The Gorilla King"
		NameQuestBoss = "JungleQuest"
		QuestLvBoss = 3
		CFrameQBoss = CFrame.new(-1604.12012, 36.8521118, 154.23732, 0.0648873374, -4.70858913e-06, -0.997892559, 1.41431883e-07, 1, -4.70933674e-06, 0.997892559, 1.64442184e-07, 0.0648873374)
		CFrameBoss = CFrame.new(-1223.52808, 6.27936459, -502.292664, 0.310949147, -5.66602516e-08, 0.950426519, -3.37275488e-08, 1, 7.06501808e-08, -0.950426519, -5.40241736e-08, 0.310949147)
	elseif _G.SelectBoss == "Bobby" then
		MsBoss = "Bobby"
		NameBoss = "Bobby"
		NameQuestBoss = "BuggyQuest1"
		QuestLvBoss = 3
		CFrameQBoss = CFrame.new(-1139.59717, 4.75205183, 3825.16211, -0.959730506, -7.5857054e-09, 0.280922383, -4.06310328e-08, 1, -1.11807175e-07, -0.280922383, -1.18718916e-07, -0.959730506)
		CFrameBoss = CFrame.new(-1147.65173, 32.5966301, 4156.02588, 0.956680477, -1.77109952e-10, -0.29113996, 5.16530874e-10, 1, 1.08897802e-09, 0.29113996, -1.19218679e-09, 0.956680477)
	elseif _G.SelectBoss == "Yeti" then
		MsBoss = "Yeti"
		NameBoss = "Yeti"
		NameQuestBoss = "SnowQuest"
		QuestLvBoss = 3
		CFrameQBoss = CFrame.new(1384.90247, 87.3078308, -1296.6825, 0.280209213, 2.72035177e-08, -0.959938943, -6.75690828e-08, 1, 8.6151708e-09, 0.959938943, 6.24481444e-08, 0.280209213)
		CFrameBoss = CFrame.new(1221.7356, 138.046906, -1488.84082, 0.349343032, -9.49245944e-08, 0.936994851, 6.29478194e-08, 1, 7.7838429e-08, -0.936994851, 3.17894653e-08, 0.349343032)
	elseif _G.SelectBoss == "Mob Leader" then
		MsBoss = "Mob Leader"
		NameBoss = "Mob Leader"
		CFrameBoss = CFrame.new(-2848.59399, 7.4272871, 5342.44043, -0.928248107, -8.7248246e-08, 0.371961564, -7.61816636e-08, 1, 4.44474857e-08, -0.371961564, 1.29216433e-08, -0.92824)
	elseif _G.SelectBoss == "Vice Admiral" then
		MsBoss = "Vice Admiral"
		NameBoss = "Vice Admiral"
		NameQuestBoss = "MarineQuest2"
		QuestLvBoss = 2
		CFrameQBoss = CFrame.new(-5035.42285, 28.6520386, 4324.50293, -0.0611100644, -8.08395768e-08, 0.998130739, -1.57416586e-08, 1, 8.00271849e-08, -0.998130739, -1.08217701e-08, -0.0611100644)
		CFrameBoss = CFrame.new(-5078.45898, 99.6520691, 4402.1665, -0.555574954, -9.88630566e-11, 0.831466436, -6.35508286e-08, 1, -4.23449258e-08, -0.831466436, -7.63661632e-08, -0.555574954)
	elseif _G.SelectBoss == "Warden" then
		MsBoss = "Warden"
		NameBoss = "Warden"
		NameQuestBoss = "ImpelQuest"
		QuestLvBoss = 1
		CFrameQBoss = CFrame.new(4851.35059, 5.68744135, 743.251282, -0.538484037, -6.68303741e-08, -0.842635691, 1.38001752e-08, 1, -8.81300792e-08, 0.842635691, -5.90851599e-08, -0.538484037)
		CFrameBoss = CFrame.new(5232.5625, 5.26856995, 747.506897, 0.943829298, -4.5439414e-08, 0.330433697, 3.47818627e-08, 1, 3.81658154e-08, -0.330433697, -2.45289105e-08, 0.943829298)
	elseif _G.SelectBoss == "Chief Warden" then
		MsBoss = "Chief Warden"
		NameBoss = "Chief Warden"
		NameQuestBoss = "ImpelQuest"
		QuestLvBoss = 2
		CFrameQBoss = CFrame.new(4851.35059, 5.68744135, 743.251282, -0.538484037, -6.68303741e-08, -0.842635691, 1.38001752e-08, 1, -8.81300792e-08, 0.842635691, -5.90851599e-08, -0.538484037)
		CFrameBoss = CFrame.new(5232.5625, 5.26856995, 747.506897, 0.943829298, -4.5439414e-08, 0.330433697, 3.47818627e-08, 1, 3.81658154e-08, -0.330433697, -2.45289105e-08, 0.943829298)
	elseif _G.SelectBoss == "Swan" then
		MsBoss = "Swan"
		NameBoss = "Swan"
		NameQuestBoss = "ImpelQuest"
		QuestLvBoss = 3
		CFrameQBoss = CFrame.new(4851.35059, 5.68744135, 743.251282, -0.538484037, -6.68303741e-08, -0.842635691, 1.38001752e-08, 1, -8.81300792e-08, 0.842635691, -5.90851599e-08, -0.538484037)
		CFrameBoss = CFrame.new(5232.5625, 5.26856995, 747.506897, 0.943829298, -4.5439414e-08, 0.330433697, 3.47818627e-08, 1, 3.81658154e-08, -0.330433697, -2.45289105e-08, 0.943829298)
	elseif _G.SelectBoss == "Magma Admiral" then
		MsBoss = "Magma Admiral"
		NameBoss = "Magma Admiral"
		NameQuestBoss = "MagmaQuest"
		QuestLvBoss = 3
		CFrameQBoss = CFrame.new(-5317.07666, 12.2721891, 8517.41699, 0.51175487, -2.65508806e-08, -0.859131515, -3.91131572e-08, 1, -5.42026761e-08, 0.859131515, 6.13418294e-08, 0.51175487)
		CFrameBoss = CFrame.new(-5530.12646, 22.8769703, 8859.91309, 0.857838571, 2.23414389e-08, 0.513919294, 1.53689133e-08, 1, -6.91265853e-08, -0.513919294, 6.71978384e-08, 0.857838571)
	elseif _G.SelectBoss == "Fishman Lord" then
		MsBoss = "Fishman Lord"
		NameBoss = "Fishman Lord"
		NameQuestBoss = "FishmanQuest"
		QuestLvBoss = 3
		CFrameQBoss = CFrame.new(61123.0859, 18.5066795, 1570.18018, 0.927145958, 1.0624845e-07, 0.374700129, -6.98219367e-08, 1, -1.10790765e-07, -0.374700129, 7.65569368e-08, 0.927145958)
		CFrameBoss = CFrame.new(61351.7773, 31.0306778, 1113.31409, 0.999974668, 0, -0.00714713801, 0, 1.00000012, 0, 0.00714714266, 0, 0.999974549)
	elseif _G.SelectBoss == "Wysper" then
		MsBoss = "Wysper"
		NameBoss = "Wysper"
		NameQuestBoss = "SkyExp1Quest"
		QuestLvBoss = 3
		CFrameQBoss = CFrame.new(-7862.94629, 5545.52832, -379.833954, 0.462944925, 1.45838088e-08, -0.886386991, 1.0534996e-08, 1, 2.19553424e-08, 0.886386991, -1.95022007e-08, 0.462944925)
		CFrameBoss = CFrame.new(-7925.48389, 5550.76074, -636.178345, 0.716468513, -1.22915289e-09, 0.697619379, 3.37381434e-09, 1, -1.70304748e-09, -0.697619379, 3.57381835e-09, 0.716468513)
	elseif _G.SelectBoss == "Thunder God" then
		MsBoss = "Thunder God"
		NameBoss = "Thunder God"
		NameQuestBoss = "SkyExp2Quest"
		QuestLvBoss = 3
		CFrameQBoss = CFrame.new(-7903.0625, 5545.6171875, -381.38848876953125)
		CFrameBoss = CFrame.new(-7917.53613, 5616.61377, -2277.78564, 0.965189934, 4.80563429e-08, -0.261550069, -6.73089886e-08, 1, -6.46515304e-08, 0.261550069, 8.00056768e-08, 0.965189934)
	elseif _G.SelectBoss == "Cyborg" then
		MsBoss = "Cyborg"
		NameBoss = "Cyborg"
		NameQuestBoss = "FountainQuest"
		QuestLvBoss = 3
		CFrameQBoss = CFrame.new(5253.54834, 38.5361786, 4050.45166, -0.0112687312, -9.93677887e-08, -0.999936521, 2.55291371e-10, 1, -9.93769547e-08, 0.999936521, -1.37512213e-09, -0.0112687312)
		CFrameBoss = CFrame.new(6041.82813, 52.7112198, 3907.45142, -0.563162148, 1.73805248e-09, -0.826346457, -5.94632716e-08, 1, 4.26280238e-08, 0.826346457, 7.31437524e-08, -0.563162148)
	elseif _G.SelectBoss == "Diamond" then
		MsBoss = "Diamond"
		NameBoss = "Diamond"
		NameQuestBoss = "Area1Quest"
		QuestLvBoss = 3
		CFrameQBoss = CFrame.new(-424.080078, 73.0055847, 1836.91589, 0.253544956, -1.42165932e-08, 0.967323601, -6.00147771e-08, 1, 3.04272909e-08, -0.967323601, -6.5768397e-08, 0.253544956)
		CFrameBoss = CFrame.new(-1736.26587, 198.627731, -236.412857, -0.997808516, 0, -0.0661673471, 0, 1, 0, 0.0661673471, 0, -0.997808516)
	elseif _G.SelectBoss == "Jeremy" then
		MsBoss = "Jeremy"
		NameBoss = "Jeremy"
		NameQuestBoss = "Area2Quest"
		QuestLvBoss = 3
		CFrameQBoss = CFrame.new(632.698608, 73.1055908, 918.666321, -0.0319722369, 8.96074881e-10, -0.999488771, 1.36326533e-10, 1, 8.92172336e-10, 0.999488771, -1.07732087e-10, -0.0319722369)
		CFrameBoss = CFrame.new(2203.76953, 448.966034, 752.731079, -0.0217453763, 0, -0.999763548, 0, 1, 0, 0.999763548, 0, -0.0217453763)
	elseif _G.SelectBoss == "Fajita" then
		MsBoss = "Fajita"
		NameBoss = "Fajita"
		NameQuestBoss = "MarineQuest3"
		QuestLvBoss = 3
		CFrameQBoss = CFrame.new(-2442.65015, 73.0511475, -3219.11523, -0.873540044, 4.2329841e-08, -0.486752301, 5.64383384e-08, 1, -1.43220786e-08, 0.486752301, -3.99823996e-08, -0.873540044)
		CFrameBoss = CFrame.new(-2297.40332, 115.449463, -3946.53833, 0.961227536, -1.46645796e-09, -0.275756449, -2.3212845e-09, 1, -1.34094433e-08, 0.275756449, 1.35296352e-08, 0.961227536)
	elseif _G.SelectBoss == "Don Swan" then
		MsBoss = "Don Swan"
		NameBoss = "Don Swan"
		CFrameBoss = CFrame.new(2288.802, 15.1870775, 863.034607, 0.99974072, -8.41247214e-08, -0.0227668174, 8.4774733e-08, 1, 2.75850098e-08, 0.0227668174, -2.95079072e-08, 0.99974072)
	elseif _G.SelectBoss == "Smoke Admiral" then
		MsBoss = "Smoke Admiral"
		NameBoss = "Smoke Admiral"
		NameQuestBoss = "IceSideQuest"
		QuestLvBoss = 3
		CFrameQBoss = CFrame.new(-6059.96191, 15.9868021, -4904.7373, -0.444992423, -3.0874483e-09, 0.895534337, -3.64098796e-08, 1, -1.4644522e-08, -0.895534337, -3.91229982e-08, -0.444992423)
		CFrameBoss = CFrame.new(-5115.72754, 23.7664986, -5338.2207, 0.251453817, 1.48345061e-08, -0.967869282, 4.02796978e-08, 1, 2.57916977e-08, 0.967869282, -4.54708946e-08, 0.251453817)
	elseif _G.SelectBoss == "Cursed Captain" then
		MsBoss = "Cursed Captain"
		NameBoss = "Cursed Captain"
		CFrameBoss = CFrame.new(916.928589, 181.092773, 33422, -0.999505103, 9.26310495e-09, 0.0314563364, 8.42916226e-09, 1, -2.6643713e-08, -0.0314563364, -2.63653774e-08, -0.999505103)
	elseif _G.SelectBoss == "Darkbeard" then
		MsBoss = "Darkbeard"
		NameBoss = "Darkbeard"
		CFrameBoss = CFrame.new(3876.00366, 24.6882591, -3820.21777, -0.976951957, 4.97356325e-08, 0.213458836, 4.57335361e-08, 1, -2.36868622e-08, -0.213458836, -1.33787044e-08, -0.976951957)
	elseif _G.SelectBoss == "Order" then
		MsBoss = "Order"
		NameBoss = "Order"
		CFrameBoss = CFrame.new(-6221.15039, 16.2351036, -5045.23584, -0.380726993, 7.41463495e-08, 0.924687505, 5.85604774e-08, 1, -5.60738549e-08, -0.924687505, 3.28013137e-08, -0.380726993)
	elseif _G.SelectBoss == "Awakened Ice Admiral" then
		MsBoss = "Awakened Ice Admiral"
		NameBoss = "Awakened Ice Admiral"
		NameQuestBoss = "FrostQuest"
		QuestLvBoss = 3
		CFrameQBoss = CFrame.new(5669.33203, 28.2118053, -6481.55908, 0.921275556, -1.25320829e-08, 0.388910472, 4.72230788e-08, 1, -7.96414241e-08, -0.388910472, 9.17372489e-08, 0.921275556)
		CFrameBoss = CFrame.new(6407.33936, 340.223785, -6892.521, 0.49051559, -5.25310213e-08, -0.871432424, -2.76146022e-08, 1, -7.58250565e-08, 0.871432424, 6.12576301e-08, 0.49051559)
	elseif _G.SelectBoss == "Tide Keeper" then
		MsBoss = "Tide Keeper"
		NameBoss = "Tide Keeper"
		NameQuestBoss = "ForgottenQuest"             
		QuestLvBoss = 3
		CFrameQBoss = CFrame.new(-3053.89648, 236.881363, -10148.2324, -0.985987961, -3.58504737e-09, 0.16681771, -3.07832915e-09, 1, 3.29612559e-09, -0.16681771, 2.73641976e-09, -0.985987961)
		CFrameBoss = CFrame.new(-3570.18652, 123.328949, -11555.9072, 0.465199202, -1.3857326e-08, 0.885206044, 4.0332897e-09, 1, 1.35347511e-08, -0.885206044, -2.72606271e-09, 0.465199202)
	elseif _G.SelectBoss == "Stone" then
		MsBoss = "Stone"
		NameBoss = "Stone"
		NameQuestBoss = "PiratePortQuest"             
		QuestLvBoss = 3
		CFrameQBoss = CFrame.new(-290, 44, 5577)
		CFrameBoss = CFrame.new(-1085, 40, 6779)
	elseif _G.SelectBoss == "Island Empress" then
		MsBoss = "Island Empress"
		NameBoss = "Island Empress"
		NameQuestBoss = "AmazonQuest2"             
		QuestLvBoss = 3
		CFrameQBoss = CFrame.new(5443, 602, 752)
		CFrameBoss = CFrame.new(5659, 602, 244)
	elseif _G.SelectBoss == "Kilo Admiral" then
		MsBoss = "Kilo Admiral"
		NameBoss = "Kilo Admiral"
		NameQuestBoss = "MarineTreeIsland"             
		QuestLvBoss = 3
		CFrameQBoss = CFrame.new(2178, 29, -6737)
		CFrameBoss =CFrame.new(2846, 433, -7100)
	elseif _G.SelectBoss == "Captain Elephant" then
		MsBoss = "Captain Elephant"
		NameBoss = "Captain Elephant"
		NameQuestBoss = "DeepForestIsland"             
		QuestLvBoss = 3
		CFrameQBoss = CFrame.new(-13232, 333, -7631)
		CFrameBoss = CFrame.new(-13221, 325, -8405)
	elseif _G.SelectBoss == "Beautiful Pirate" then
		MsBoss = "Beautiful Pirate"
		NameBoss = "Beautiful Pirate"
		NameQuestBoss = "DeepForestIsland2"             
		QuestLvBoss = 3
		CFrameQBoss = CFrame.new(5307.53076171875, 22.879674911499023, 120.64453125)
		CFrameBoss = CFrame.new(5182, 23, -20)
	elseif _G.SelectBoss == "rip_indra True Form" then
		MsBoss = "rip_indra True Form"
		NameBoss = "rip_indra True Form"
		CFrameBoss = CFrame.new(-5359, 424, -2735)
	elseif _G.SelectBoss == "Longma" then
		MsBoss = "Longma"
		NameBoss = "Longma"
		CFrameBoss = CFrame.new(-10248.3936, 353.79129, -9306.34473)
	elseif _G.SelectBoss == "Soul Reaper" then
		MsBoss = "Soul Reaper"
		NameBoss = "Soul Reaper"
		CFrameBoss = CFrame.new(-9515.62109, 315.925537, 6691.12012)
	elseif _G.SelectBoss == "Cake Queen" then
		MsBoss = "Cake Queen"
		NameBoss = "Cake Queen"
		NameQuestBoss = "IceCreamIslandQuest"             
		QuestLvBoss = 3
		CFrameQBoss = CFrame.new(-821.267456, 65.9448776, -10964.3994, 0.814093888, -3.67296735e-08, -0.58073324, 3.30765637e-08, 1, -1.6879099e-08, 0.58073324, -5.46748513e-09, 0.814093888)
		CFrameBoss = CFrame.new(-715.467102, 381.69104, -11019.8896, 0.955998719, -1.07319993e-08, -0.293370903, 5.00311881e-09, 1, -2.02781667e-08, 0.293370903, 1.7918131e-08, 0.955998719)
	end
end

function CheckLevel()
    local Lv = game:GetService("Players").LocalPlayer.Data.Level.Value
    if _G.Upto then
        Lv = Lv + 100
    end
    if W1 then
        if Lv == 1 or Lv <= 9 or SelectMonster == "Bandit" then -- Bandit
            Ms = "Bandit"
            NameQuest = "BanditQuest1"
            QuestLv = 1
            NameMon = "Bandit"
            CFrameQ = CFrame.new(1059.37195, 15.4495068, 1550.4231, 0.939700544, -0, -0.341998369, 0, 1, -0, 0.341998369, 0, 0.939700544)
            CFrameMon = CFrame.new(1037.1971435546875, 80.767822265625, 1593.5054931640625)
        elseif Lv == 10 or Lv <= 14 or SelectMonster == "Monkey" then -- Monkey
            Ms = "Monkey"
            NameQuest = "JungleQuest"
            QuestLv = 1
            NameMon = "Monkey"
            CFrameQ = CFrame.new(-1598.08911, 35.5501175, 153.377838, 0, 0, 1, 0, 1, -0, -1, 0, 0)
            CFrameMon = CFrame.new(-1447.7362060546875, 51.19523239135742, 62.61884307861328)
        elseif Lv == 15 or Lv <= 29 or SelectMonster == "Gorilla" then -- Gorilla
            Ms = "Gorilla"
            NameQuest = "JungleQuest"
            QuestLv = 2
            NameMon = "Gorilla"
            CFrameQ = CFrame.new(-1598.08911, 35.5501175, 153.377838, 0, 0, 1, 0, 1, -0, -1, 0, 0)
            CFrameMon = CFrame.new(-1132.8082275390625, 40.80637741088867, -521.5314331054688)
            if Lv >= 25 then
                _G.SelectBoss = "The Gorilla King" 
            end
            SelectMonster = "Monkey"
        elseif Lv >= 30 and Lv <= 40-1 or SelectMonster == "Pirate" then
             
            Ms = "Pirate"
            NameQuest = "BuggyQuest1"
            QuestLv = 1
            NameMon = "Pirate"
            CFrameQ = CFrame.new(-1141.07483, 4.10001802, 3831.5498, 0.965929627, -0, -0.258804798, 0, 1, -0, 0.258804798, 0, 0.965929627)
            CFrameMon = CFrame.new(-1049.65478515625, 67.99503326416016, 3957.435791015625)
        elseif Lv >= 40 and Lv <= 60-1 or SelectMonster == "Brute" then
            Ms = "Brute"
            NameQuest = "BuggyQuest1"
            QuestLv = 2
            NameMon = "Brute"
            CFrameQ = CFrame.new(-1141.07483, 4.10001802, 3831.5498, 0.965929627, -0, -0.258804798, 0, 1, -0, 0.258804798, 0, 0.965929627)
            CFrameMon = CFrame.new(-1147.0657958984375, 96.61427307128906, 4311.46484375)
            if Lv >= 55 then
                _G.SelectBoss = "Bobby"
            end
            SelectMonster = "Pirate"
        elseif Lv >= 60 and Lv <= 75-1 or SelectMonster == "Desert Bandit" then
             
            Ms = "Desert Bandit"
            NameQuest = "DesertQuest"
            QuestLv = 1
            NameMon = "Desert Bandit"
            CFrameQ = CFrame.new(894.488647, 5.14000702, 4392.43359, 0.819155693, -0, -0.573571265, 0, 1, -0, 0.573571265, 0, 0.819155693)
            CFrameMon = CFrame.new(982.4600830078125, 23.526029586791992, 4411.40576171875)
        elseif Lv >= 75 and Lv <= 90-1 or SelectMonster == "Desert Officer" then
            Ms = "Desert Officer"
            NameQuest = "DesertQuest"
            QuestLv = 2
            NameMon = "Desert Officer"
            CFrameQ = CFrame.new(894.488647, 5.14000702, 4392.43359, 0.819155693, -0, -0.573571265, 0, 1, -0, 0.573571265, 0, 0.819155693)
            CFrameMon = CFrame.new(1562.3126220703125, 14.795281410217285, 4405.677734375)
            SelectMonster = "Desert Bandit"
        elseif Lv >= 90 and Lv <= 100-1 or SelectMonster == "Snow Bandit" then -- Snow Bandits
            Ms = "Snow Bandit"
            NameQuest = "SnowQuest"
            QuestLv = 1
            NameMon = "Snow Bandit"
            CFrameQ = CFrame.new(1389.74451, 86.6520844, -1298.90796, -0.342042685, 0, 0.939684391, 0, 1, 0, -0.939684391, 0, -0.342042685)
            CFrameMon = CFrame.new(1340.0426025390625, 105.56710052490234, -1315.054443359375)
        elseif Lv == 100 or Lv <= 119 or SelectMonster == "Snowman" then -- Snowman
            Ms = "Snowman"
            NameQuest = "SnowQuest"
            QuestLv = 2
            NameMon = "Snowman"
            CFrameQ = CFrame.new(1389.74451, 86.6520844, -1298.90796, -0.342042685, 0, 0.939684391, 0, 1, 0, -0.939684391, 0, -0.342042685)
            CFrameMon = CFrame.new(1219.813720703125, 138.35508728027344, -1487.648681640625)
            if Lv >= 110 then
                _G.SelectBoss = "Yeti"
            end
            SelectMonster = "Snow Bandit"
            _G.Farm_Mon = true
        elseif Lv == 120 or Lv <= 149 or SelectMonster == "Chief Petty Officer" then -- Chief Petty Officer
            Ms = "Chief Petty Officer"
            NameQuest = "MarineQuest2"
            QuestLv = 1
            NameMon = "Chief Petty Officer"
            CFrameQ = CFrame.new(-5039.58643, 27.3500385, 4324.68018, 0, 0, -1, 0, 1, 0, 1, 0, 0)
            CFrameMon = CFrame.new(-4923.693359375, 61.0307502746582, 4119.73193359375)
            CFrameMon1 = CFrame.new(-4733.5927734375, 54.690433502197266, 4447.373046875)
            if Lv >= 130 then
                _G.SelectBoss = "Vice Admiral"
            end
        elseif Lv == 150 or Lv <= 174 or SelectMonster == "Sky Bandit" then -- Sky Bandit
            Ms = "Sky Bandit"
            NameQuest = "SkyQuest"
            QuestLv = 1
            NameMon = "Sky Bandit"
            CFrameQ = CFrame.new(-4839.53027, 716.368591, -2619.44165, 0.866007268, 0, 0.500031412, 0, 1, 0, -0.500031412, 0, 0.866007268)
            CFrameMon = CFrame.new(-4955.05908203125, 296.0874328613281, -2899.822021484375)
        elseif Lv == 175 or Lv <= 190 or SelectMonster == "Dark Master" then -- Dark Master
            Ms = "Dark Master"
            NameQuest = "SkyQuest"
            QuestLv = 2
            NameMon = "Dark Master"
            CFrameQ = CFrame.new(-4839.53027, 716.368591, -2619.44165, 0.866007268, 0, 0.500031412, 0, 1, 0, -0.500031412, 0, 0.866007268)
            CFrameMon = CFrame.new(-5225.28125, 430.2355041503906, -2277.6142578125)
            SelectMonster = "Sky Bandit"
        elseif Lv == 190 or Lv <= 209 and SelectMonster == "Prisoner" then
            Ms = "Prisoner"
            QuestLv = 1
            NameQuest = "PrisonerQuest"
            NameMon = "Prisoner"
            CFrameQ = CFrame.new(5308.93115, 1.65517521, 475.120514, -0.0894274712, -5.00292918e-09, -0.995993316, 1.60817859e-09, 1, -5.16744869e-09, 0.995993316, -2.06384709e-09, -0.0894274712)
            CFrameMon = CFrame.new(5196.0791015625, 88.99527740478516, 488.6183166503906)
        elseif Lv == 210 or Lv <= 249 or SelectMonster == "Dangerous Prisoner" then
            Ms = "Dangerous Prisoner"
            QuestLv = 2
            NameQuest = "PrisonerQuest"
            NameMon = "Dangerous Prisoner"
            CFrameQ = CFrame.new(5308.93115, 1.65517521, 475.120514, -0.0894274712, -5.00292918e-09, -0.995993316, 1.60817859e-09, 1, -5.16744869e-09, 0.995993316, -2.06384709e-09, -0.0894274712)
            CFrameMon = CFrame.new(5379.958984375, 88.99483489990234, 1008.5199584960938)
            if Lv >= 240 then
                _G.SelectBoss = "Swan"
                
            elseif Lv >= 230 then
                _G.SelectBoss = "Chief Warden"
                
            elseif Lv >= 220 then
                _G.SelectBoss = "Warden"
            end
            SelectMonster = "Prisoner"
        elseif Lv == 250 or Lv <= 299 or SelectMonster == "Toga Warrior" then -- Toga Warrior
            Ms = "Toga Warrior"
            NameQuest = "ColosseumQuest"
            QuestLv = 1
            NameMon = "Toga Warrior"
            CFrameQ = CFrame.new(-1576.11743, 7.38933945, -2983.30762, 0.576966345, 1.22114863e-09, 0.816767931, -3.58496594e-10, 1, -1.24185606e-09, -0.816767931, 4.2370063e-10, 0.576966345)
            CFrameMon = CFrame.new(-1819.1649169921875, 51.94740676879883, -2739.3740234375)
        elseif Lv == 300 or Lv <= 324 or SelectMonster == "Military Soldier" then -- Military Soldier
            Ms = "Military Soldier"
            NameQuest = "MagmaQuest"
            QuestLv = 1
            NameMon = "Military Soldier"
            CFrameQ = CFrame.new(-5316.55859, 12.2370615, 8517.2998, 0.588437557, -1.37880001e-08, -0.808542669, -2.10116209e-08, 1, -3.23446478e-08, 0.808542669, 3.60215964e-08, 0.588437557)
            CFrameMon = CFrame.new(-5514.03955078125, 63.142940521240234, 8576.841796875)
        elseif Lv == 325 or Lv <= 374 or SelectMonster == "Military Spy" then -- Military Spy
            Ms = "Military Spy"
            NameQuest = "MagmaQuest"
            QuestLv = 2
            NameMon = "Military Spy"
            CFrameQ = CFrame.new(-5316.55859, 12.2370615, 8517.2998, 0.588437557, -1.37880001e-08, -0.808542669, -2.10116209e-08, 1, -3.23446478e-08, 0.808542669, 3.60215964e-08, 0.588437557)
            CFrameMon = CFrame.new(-5802.53173828125, 99.17176818847656, 8786.1982421875)
            SelectMonster = "Military Soldier"
        elseif Lv == 375 or Lv <= 399 or SelectMonster == "Fishman Warrior" then -- Fishman Warrior
            Ms = "Fishman Warrior"
            NameQuest = "FishmanQuest"
            QuestLv = 1
            NameMon = "Fishman Warrior"
            CFrameQ = CFrame.new(61122.5625, 18.4716396, 1568.16504, 0.893533468, 3.95251609e-09, 0.448996574, -2.34327455e-08, 1, 3.78297464e-08, -0.448996574, -4.43233645e-08, 0.893533468)
            CFrameMon = CFrame.new(60888.671875, 96.01477813720703, 1525.4569091796875)
        elseif Lv == 400 or Lv <= 449 or SelectMonster == "Fishman Commando" then -- Fishman Commando
            Ms = "Fishman Commando"
            NameQuest = "FishmanQuest"
            QuestLv = 2
            NameMon = "Fishman Commando"
            CFrameQ = CFrame.new(61122.5625, 18.4716396, 1568.16504)
            CFrameMon = CFrame.new(61941.4765625, 108.8272933959961, 1559.036376953125)
            if Lv >= 425 then
                _G.SelectBoss = "Fishman Lord"
            end
            SelectMonster = "Fishman Warrior"
        elseif Lv == 450 or Lv <= 474 or SelectMonster == "God's Guard" then 
            Ms = "God's Guard"
            NameQuest = "SkyExp1Quest"
            QuestLv = 1
            NameMon = "God's Guards"
            CFrameQ = CFrame.new(-4721.71436, 845.277161, -1954.20105)
            CFrameMon = CFrame.new(-4714.62744140625, 853.1715087890625, -1938.22705078125)
            if Lv >= 425 then
                _G.SelectBoss = "Fishman Lord"
            end
            SelectMonster = "Fishman Commando"
        elseif Lv == 475 or Lv <= 524 or SelectMonster == "Shanda" then
            Ms = "Shanda"
            NameQuest = "SkyExp1Quest"
            QuestLv = 2
            NameMon = "Shanda"
            CFrameQ = CFrame.new(-7859.09814, 5544.19043, -381.476196, -0.422592998, 0, 0.906319618, 0, 1, 0, -0.906319618, 0, -0.422592998)
            CFrameMon = CFrame.new(-7687.64501953125, 5601.17236328125, -441.61865234375)
            if Lv >= 500 then
                _G.SelectBoss = "Wysper"
            end
            SelectMonster = "God's Guard"
        elseif Lv == 525 or Lv <= 549 or SelectMonster == "Royal Squad" then -- Royal Squad
            Ms = "Royal Squad"
            NameQuest = "SkyExp2Quest"
            QuestLv = 1
            NameMon = "Royal Squad"
            CFrameQ = CFrame.new(-7906.81592, 5634.6626, -1411.99194, 0, 0, -1, 0, 1, 0, 1, 0, 0)
            CFrameMon = CFrame.new(-7631.80078125, 5637.423828125, -1435.3065185546875)
            SelectMonster = "Shanda"
        elseif Lv == 550 or Lv <= 624 or SelectMonster == "Royal Soldier" then -- Royal Soldier
            Ms = "Royal Soldier"
            NameQuest = "SkyExp2Quest"
            QuestLv = 2
            NameMon = "Royal Soldier"
            CFrameQ = CFrame.new(-7906.81592, 5634.6626, -1411.99194, 0, 0, -1, 0, 1, 0, 1, 0, 0)
            CFrameMon = CFrame.new(-7860.97998046875, 5662.5859375, -1707.573974609375)
            if Lv >= 575 then
                _G.SelectBoss = "Thunder God"
            end
            SelectMonster = "Royal Squad"
        elseif Lv == 625 or Lv <= 649 or SelectMonster == "Galley Pirate" then -- Galley Pirate
            Ms = "Galley Pirate"
            NameQuest = "FountainQuest"
            QuestLv = 1
            NameMon = "Galley Pirate"
            CFrameQ = CFrame.new(5259.81982, 37.3500175, 4050.0293, 0.087131381, 0, 0.996196866, 0, 1, 0, -0.996196866, 0, 0.087131381)
            CFrameMon = CFrame.new(5556.74462890625, 152.6445770263672, 3999.6875)
        elseif Lv >= 650 or SelectMonster == "Galley Captain" then -- Galley Captain
            Ms = "Galley Captain"
            NameQuest = "FountainQuest"
            QuestLv = 2
            NameMon = "Galley Captain"
            CFrameQ = CFrame.new(5259.81982, 37.3500175, 4050.0293, 0.087131381, 0, 0.996196866, 0, 1, 0, -0.996196866, 0, 0.087131381)
            CFrameMon = CFrame.new(5678.32275390625, 93.10353088378906, 4966.27392578125)
            if Lv >= 675 then
                _G.SelectBoss = "Cyborg"
            end
            SelectMonster = "Galley Pirate"
        end
    end
    if W2 then
        if Lv == 700 or Lv <= 724 or SelectMonster == "Raider" then -- Raider
            Ms = "Raider"
            NameQuest = "Area1Quest"
            QuestLv = 1
            NameMon = "Raider"
            CFrameQ = CFrame.new(-429.543518, 71.7699966, 1836.18188, -0.22495985, 0, -0.974368095, 0, 1, 0, 0.974368095, 0, -0.22495985)
            CFrameMon = CFrame.new(-462.41986083984375, 97.97019958496094, 2310.88720703125)
        elseif Lv == 725 or Lv <= 774 or SelectMonster == "Mercenary" then -- Mercenary
            Ms = "Mercenary"
            NameQuest = "Area1Quest"
            QuestLv = 2
            NameMon = "Mercenary"
            CFrameQ = CFrame.new(-429.543518, 71.7699966, 1836.18188, -0.22495985, 0, -0.974368095, 0, 1, 0, 0.974368095, 0, -0.22495985)
            CFrameMon = CFrame.new(-862.4571533203125, 135.76040649414062, 1404.47021484375)
            SelectMonster = "Raider"
        elseif Lv == 775 or Lv <= 799 or SelectMonster == "Swan Pirate" then -- Swan Pirate
            Ms = "Swan Pirate"
            NameQuest = "Area2Quest"
            QuestLv = 1
            NameMon = "Swan Pirate"
            CFrameQ = CFrame.new(638.43811, 71.769989, 918.282898, 0.139203906, 0, 0.99026376, 0, 1, 0, -0.99026376, 0, 0.139203906)
            CFrameMon = CFrame.new(913.2153930664062, 157.4447021484375, 1253.3961181640625)
        elseif Lv == 800 or Lv <= 874 or SelectMonster == "Factory Staff" then -- Factory Staff
            Ms = "Factory Staff"
            NameQuest = "Area2Quest"
            QuestLv = 2
            NameMon = "Factory Staff"
            CFrameQ = CFrame.new(638.43811, 71.769989, 918.282898, 0.139203906, 0, 0.99026376, 0, 1, 0, -0.99026376, 0, 0.139203906)
            CFrameMon = CFrame.new(475.8017578125, 73.3030014038086+40, 165.0749053955078)
            SelectMonster = "Swan Pirate"
        elseif Lv == 875 or Lv <= 899 or SelectMonster == "Marine Lieutenant" then -- Marine Lieutenant
            Ms = "Marine Lieutenant"
            NameQuest = "MarineQuest3"
            QuestLv = 1
            NameMon = "Marine Lieutenant"
            CFrameQ = CFrame.new(-2440.79639, 71.7140732, -3216.06812, 0.866007268, 0, 0.500031412, 0, 1, 0, -0.500031412, 0, 0.866007268)
            CFrameMon = CFrame.new(-2895.166748046875, 152.6609344482422, -3110.6279296875)
        elseif Lv == 900 or Lv <= 949 or SelectMonster == "Marine Captain" then -- Marine Captain
            Ms = "Marine Captain"
            NameQuest = "MarineQuest3"
            QuestLv = 2
            NameMon = "Marine Captain"
            CFrameQ = CFrame.new(-2440.79639, 71.7140732, -3216.06812, 0.866007268, 0, 0.500031412, 0, 1, 0, -0.500031412, 0, 0.866007268)
            CFrameMon = CFrame.new(-1852.2872314453125, 89.98519134521484, -3205.28515625)
            SelectMonster = "Marine Lieutenant"
        elseif Lv == 950 or Lv <= 974 or SelectMonster == "Zombie" then -- Zombie
            Ms = "Zombie"
            NameQuest = "ZombieQuest"
            QuestLv = 1
            NameMon = "Zombie"
            CFrameQ = CFrame.new(-5497.06152, 47.5923004, -795.237061, -0.29242146, 0, -0.95628953, 0, 1, 0, 0.95628953, 0, -0.29242146)
            CFrameMon = CFrame.new(-5710.50146484375, 126.3752212524414, -782.9561157226562)
        elseif Lv == 975 or Lv <= 999 or SelectMonster == "Vampire" then -- Vampire
            Ms = "Vampire"
            NameQuest = "ZombieQuest"
            QuestLv = 2
            NameMon = "Vampire"
            CFrameQ = CFrame.new(-5497.06152, 47.5923004, -795.237061, -0.29242146, 0, -0.95628953, 0, 1, 0, 0.95628953, 0, -0.29242146)
            CFrameMon = CFrame.new(-6029.40869140625, 6.745943546295166, -1302.347412109375)
            SelectMonster = "Zombie"
        elseif Lv == 1000 or Lv <= 1049 or SelectMonster == "Snow Trooper" then -- Snow Trooper **
            Ms = "Snow Trooper"
            NameQuest = "SnowMountainQuest"
            QuestLv = 1
            NameMon = "Snow Trooper"
            CFrameQ = CFrame.new(609.858826, 400.119904, -5372.25928, -0.374604106, 0, 0.92718488, 0, 1, 0, -0.92718488, 0, -0.374604106)
            CFrameMon = CFrame.new(411.0747375488281, 452.5277099609375, -5275.63671875)
        elseif Lv == 1050 or Lv <= 1099 or SelectMonster == "Winter Warrior" then -- Winter Warrior
            Ms = "Winter Warrior"
            NameQuest = "SnowMountainQuest"
            QuestLv = 2
            NameMon = "Winter Warrior"
            CFrameQ = CFrame.new(609.858826, 400.119904, -5372.25928, -0.374604106, 0, 0.92718488, 0, 1, 0, -0.92718488, 0, -0.374604106)
            CFrameMon = CFrame.new(1224.5518798828125, 454.92584228515625, -5169.74169921875)
            SelectMonster = "Snow Trooper"
        elseif Lv == 1100 or Lv <= 1124 or SelectMonster == "Lab Subordinate" then -- Lab Subordinate
            Ms = "Lab Subordinate"
            NameQuest = "IceSideQuest"
            QuestLv = 1
            NameMon = "Lab Subordinate"
            CFrameQ = CFrame.new(-6064.06885, 15.2422857, -4902.97852, 0.453972578, -0, -0.891015649, 0, 1, -0, 0.891015649, 0, 0.453972578)
            CFrameMon = CFrame.new(-5779.51806640625, 43.029029846191406, -4482.03564453125)
        elseif Lv == 1125 or Lv <= 1174 or SelectMonster == "Horned Warrior" then -- Horned Warrior
            Ms = "Horned Warrior"
            NameQuest = "IceSideQuest"
            QuestLv = 2
            NameMon = "Horned Warrior"
            CFrameQ = CFrame.new(-6064.06885, 15.2422857, -4902.97852, 0.453972578, -0, -0.891015649, 0, 1, -0, 0.891015649, 0, 0.453972578)
            CFrameMon = CFrame.new(-6288.37548828125, 92.13507843017578, -5508.8447265625)
            SelectMonster = "Lab Subordinate"
        elseif Lv == 1175 or Lv <= 1199 or SelectMonster == "Magma Ninja" then -- Magma Ninja
            Ms = "Magma Ninja"
            NameQuest = "FireSideQuest"
            QuestLv = 1
            NameMon = "Magma Ninja"
            CFrameQ = CFrame.new(-5428.03174, 15.0622921, -5299.43457, -0.882952213, 0, 0.469463557, 0, 1, 0, -0.469463557, 0, -0.882952213)
            CFrameMon = CFrame.new(-5458.98583984375, 99.66064453125, -5827.193359375)
        elseif Lv == 1200 or Lv <= 1249 or SelectMonster == "Lava Pirate" then 
            Ms = "Lava Pirate"
            NameQuest = "FireSideQuest"
            QuestLv = 2
            NameMon = "Lava Pirate"
            CFrameQ = CFrame.new(-5431.09473, 15.9868021, -5296.53223, 0.831796765, 1.15322464e-07, -0.555080295, -1.10814341e-07, 1, 4.17010995e-08, 0.555080295, 2.68240168e-08, 0.831796765)
            CFrameMon = CFrame.new(-5250.14990234375, 56.49302291870117, -4786.2060546875)
            SelectMonster = "Magma Ninja"
        elseif Lv == 1250 or Lv <= 1274 or SelectMonster == "Ship Deckhand" then 
            Ms = "Ship Deckhand"
            NameQuest = "ShipQuest1"
            QuestLv = 1
            NameMon = "Ship Deckhand"
            CFrameQ = CFrame.new(1037.80127, 125.092171, 32911.6016, -0.244533166, -0, -0.969640911, -0, 1.00000012, -0, 0.96964103, 0, -0.244533136)
            CFrameMon = CFrame.new(918.203857421875, 125.40035247802734, 32992.015625)
        elseif Lv == 1275 or Lv <= 1299 or SelectMonster == "Ship Engineer" then 
            Ms = "Ship Engineer"
            NameQuest = "ShipQuest1"
            QuestLv = 2
            NameMon = "Ship Engineer"
            CFrameQ = CFrame.new(1037.80127, 125.092171, 32911.6016, -0.244533166, -0, -0.969640911, -0, 1.00000012, -0, 0.96964103, 0, -0.244533136)
            CFrameMon = CFrame.new(918.203857421875, 125.40035247802734, 32992.015625)
            SelectMonster = "Ship Deckhand"
        elseif Lv == 1300 or Lv <= 1324 or SelectMonster == "Ship Steward" then 
            Ms = "Ship Steward"
            NameQuest = "ShipQuest2"
            QuestLv = 1
            NameMon = "Ship Steward"
            CFrameQ = CFrame.new(968.80957, 125.092171, 33244.125, -0.869560242, 1.51905191e-08, -0.493826836, 1.44108379e-08, 1, 5.38534195e-09, 0.493826836, -2.43357912e-09, -0.869560242)
            CFrameMon = CFrame.new(919.1654052734375, 129.89923095703125, 33435.26953125)
        elseif Lv == 1325 or Lv <= 1349 or SelectMonster == "Ship Officer" then 
            Ms = "Ship Officer"
            NameQuest = "ShipQuest2"
            QuestLv = 2
            NameMon = "Ship Officer"
            CFrameQ = CFrame.new(968.80957, 125.092171, 33244.125, -0.869560242, 1.51905191e-08, -0.493826836, 1.44108379e-08, 1, 5.38534195e-09, 0.493826836, -2.43357912e-09, -0.869560242)
            CFrameMon = CFrame.new(914.2103271484375, 181.40093994140625, 33364.94921875)
            SelectMonster = "Ship Steward"
        elseif Lv == 1350 or Lv <= 1374 or SelectMonster == "Arctic Warrior" then 
            Ms = "Arctic Warrior"
            NameQuest = "FrostQuest"
            QuestLv = 1
            NameMon = "Arctic Warrior"
            CFrameQ = CFrame.new(5667.6582, 26.7997818, -6486.08984, -0.933587909, 0, -0.358349502, 0, 1, 0, 0.358349502, 0, -0.933587909)
            CFrameMon = CFrame.new(5995.0986328125, 56.164093017578125, -6187.46435546875)
        elseif Lv == 1375 or Lv <= 1424 or SelectMonster == "Snow Lurker" then -- Snow Lurker
            Ms = "Snow Lurker"
            NameQuest = "FrostQuest"
            QuestLv = 2
            NameMon = "Snow Lurker"
            CFrameQ = CFrame.new(5667.6582, 26.7997818, -6486.08984, -0.933587909, 0, -0.358349502, 0, 1, 0, 0.358349502, 0, -0.933587909)
            CFrameMon = CFrame.new(5632.02734375, 57.892425537109375, -6622.625)
            SelectMonster = "Arctic Warrior"
        elseif Lv == 1425 or Lv <= 1449 or SelectMonster == "Sea Soldier" then -- Sea Soldier
            Ms = "Sea Soldier"
            NameQuest = "ForgottenQuest"
            QuestLv = 1
            NameMon = "Sea Soldier"
            CFrameQ = CFrame.new(-3054.44458, 235.544281, -10142.8193, 0.990270376, -0, -0.13915664, 0, 1, -0, 0.13915664, 0, 0.990270376)
            CFrameMon = CFrame.new(-3029.480224609375, 65.33903503417969, -9776.0234375)
        elseif Lv >= 1450 or SelectMonster == "Water Fighter" then -- Water Fighter
            Ms = "Water Fighter"
            NameQuest = "ForgottenQuest"
            QuestLv = 2
            NameMon = "Water Fighter"
